[[0, 50], [18, 25], [27, 5], [50, 1], [59, 0]], 40
[[0, 50], [24, 15], [26, 10], [27, 5], [30, 3.5], [34, 0]], 24
[[0, 50], [9, 30], [10, 25], [11, 20], [12, 15], [13, 10], [16, 5], [25, 1], [28, 0]],9
[[0, 50], [8, 25], [16, 10], [27, 5], [32, 1], [34, 0]],10
[[0, 50], [14, 30], [15, 25], [16, 20], [17, 15], [18, 10], [26, 5], [30, 1], [32, 0]], 14
[[0, 50], [12, 25], [16, 10], [20, 5], [28, 1], [30, 0]],12
[[0, 50], [12, 25], [16, 10], [20, 5], [28, 1], [30, 0]],12
[[2, 1, 16], [4, 1, 15], [5, 1, 12], [6, 1, 12]], 58
[[2, 1, 11], [3, 1, 10], [5, 1, 10], [6, 1, 10]], 33
[[1, 1, 14], [3, 1, 12]], 27
[[0, 0, 0], 33
[[2, 1, 15], [3, 1, 14], [5, 1, 12], [6, 1, 12]], 31
[[0, 1, 7], [1, 1, 7], [4, 1, 7]], 29
[[0, 1, 7], [1, 1, 7], [4, 1, 7]], 29