[[0, 50], [18, 25], [27, 5], [50, 1], [59, 0]], 53
[[0, 50], [22, 20], [24, 15], [25, 5], [30, 0]], 22
[[0, 50], [7, 25], [8, 20], [9, 15], [10, 10], [11, 1], [27, 0]],7
[[0, 50], [8, 20], [11, 10], [14.5, 5], [20, 2.5], [32, 0]],8
[[0, 15], [4, 15], [7, 5], [10, 2.5], [20, 0]], 4
[[0, 50], [12, 25], [16, 10], [20, 5], [28, .5], [34, 0]],12
[[0, 50], [12, 25], [16, 10], [20, 5], [28, .5], [34, 0]],12
[[2, 1, 3], [4, 1, 1], [5, 1, 1], [6, 1, 1]], 58
[[2, 1, 6], [3, 1, 5], [5, 1, 4], [6, 1, 4]], 29
[[1, 1, 9], [3, 1, 8], [7, 1, 0]], 26
[[0, 0, 0], 31
[[2, 1, 5], [3, 1, 5], [5, 1, 4], [6, 1, 4]], 19
[[0, 1, 4], [1, 1, 3], [4, 1, 4]],33
[[0, 1, 4], [1, 1, 3], [4, 1, 4]],33