[[0, 50], [18, 25], [27, 5], [50, 1], [59, 0]],54
[[0, 50], [24, 15], [26, 10], [27, 5], [30, 2.5], [34, 0]],24
[[0, 50], [12, 30], [13, 25], [14, 20], [15, 15], [21, 10], [22, 5], [26, 1], [28, 0]],12
[[0, 50], [8, 25], [16, 10], [27, 5], [32, 1], [34, 0]],12
[[0, 50], [18, 25], [19, 15], [20, 10], [26, 5], [27, 1], [32, 0]],18
[[0, 50], [12, 25], [16, 10], [20, 5], [28, 1], [31, 0]],13
[[0, 50], [12, 25], [16, 10], [20, 5], [28, 1], [31, 0]],13
[[2, 1, 4], [4, 1, 4], [5, 1, 3], [6, 1, 3]],58
[[2, 1, 12], [3, 1, 12], [5, 1, 11], [6, 1, 11]],33
[[1, 1, 15], [3, 1, 15]],27
[[0, 0, 0]],33
[[2, 1, 12], [3, 1, 13], [5, 1, 10], [6, 1, 10]],31
[[0, 1, 6], [1, 1, 6], [4, 1, 6]],30
[[0, 1, 6], [1, 1, 6], [4, 1, 6]],30