[[0, 50], [18, 25], [27, 5], [50, 1], [59, 0]], 54
[[0, 50], [26, 20], [28, 15], [30, 10], [32, 5], [38, 0]], 24
[[0, 50], [12, 30], [13, 25], [14, 20], [15, 15], [21, 10], [22, 5], [26, 1], [28, 0]],12
[[0, 50], [8, 25], [16, 10], [27, 5], [32, 1], [34, 0]],12
[[0, 50], [26, 10], [28, 6.5], [30, 5], [31, 2], [34, 0]],18
[[0, 50], [12, 25], [16, 10], [20, 5], [28, 1], [32, 0]],13
[[0, 50], [12, 25], [16, 10], [20, 5], [28, 1], [32, 0]],13
[[2, 1, 1], [4, 1, 1], [5, 1, 1], [6, 1, 1]], 58
[[2, 1, 8], [3, 1, 7], [5, 1, 8], [6, 1, 8]], 33
[[1, 1, 11], [3, 1, 10]],27
[[0, 0, 0]],33
[[2, 1, 4], [3, 1, 4], [5, 1, 4], [6, 1, 4]], 31
[[0, 1, 8], [1, 1, 8], [4, 1, 7]],30
[[0, 1, 8], [1, 1, 8], [4, 1, 7]],30