[[0, 50], [18, 25], [27, 5], [50, 1], [59, 0]],53
[[0, 50], [24, 15], [26, 10], [27, 5], [30, 2.5], [34, 0]],24
[[0, 50], [11, 30], [12, 25], [13, 20], [14, 15], [15, 10], [20, 5], [27, 1], [29, 0]],10
[[0, 50], [9, 25], [17, 10], [27, 5], [32, 1], [34, 0]],11
[[0, 50], [17, 25], [18, 15], [19, 10], [26, 5], [27, 1], [30, 0]],17
[[0, 50], [12, 25], [16, 10], [20, 5], [28, 1], [30, 0]],10
[[0, 50], [12, 25], [16, 10], [20, 5], [28, 1], [30, 0]],10
[[2, 1, 5], [4, 1, 5], [5, 1, 4], [6, 1, 4]],58
[[2, 1, 12], [3, 1, 12], [5, 1, 11], [6, 1, 11]],33
[[1, 1, 14], [3, 1, 14]],28
[[0, 0, 0]],33
[[2, 1, 10], [3, 1, 10], [5, 1, 9], [6, 1, 9]],29
[[0, 1, 9], [1, 1, 9], [4, 1, 7]],30
[[0, 1, 9], [1, 1, 9], [4, 1, 7]],30