[[0, 50], [18, 25], [27, 3.5], [55, 1], [59, 0]],49
[[0, 50], [31, 20], [34, 15], [36, 10], [38, 5], [42, 2.5], [44, 1.5], [46, 0]],38
[[0, 50], [3, 30], [7, 30], [8, 25], [9, 20], [10, 15], [11, 5], [12, 1], [27, 0]],7
[[0, 50], [12, 25], [16, 10], [22, 5], [27, 2], [30, 1], [32, 0]],8
[[0, 50], [22, 25], [23, 20], [24, 15], [25, 10], [26, 5], [30, 0]],22
[[0, 50], [7, 30], [12, 15], [20, 5], [24, 2.5], [28, 1], [30, 0]],7
[[0, 50], [7, 30], [12, 15], [20, 5], [24, 2.5], [28, 1], [30, 0]],7
[[2, 1, 6], [4, 1, 6], [5, 1, 7], [6, 1, 7]],58
[[2, 1, 5], [3, 1, 6], [5, 1, 5], [6, 1, 5]],45
[[1, 1, 13], [3, 1, 13]],26
[[0, 0, 0]],31
[[2, 1, 3], [3, 1, 3], [5, 1, 3], [6, 1, 3]],29
[[0, 1, 12], [1, 1, 12], [4, 1, 10]],29
[[0, 1, 12], [1, 1, 12], [4, 1, 10]],29
