[[0, 50], [18, 25], [27, 5], [50, 1], [59, 0]],58
[[0, 50], [24, 25], [30, 20], [32, 15], [34, 5], [38, 0]],30
[[0, 50], [13, 25], [14, 20], [15, 15], [16, 10], [21, 5], [24, 1], [28, 0]],13
[[0, 50], [8, 25], [16, 10], [27, 5], [32, 1], [34, 0]],13
[[0, 50], [4, 24.5], [15, 10], [29, 5], [30, 2], [32, 1], [34, 0]],29
[[0, 50], [12, 25], [16, 10], [20, 5], [28, 1], [32, 0]],10
[[0, 50], [12, 25], [16, 10], [20, 5], [28, 1], [32, 0]],10
[[2, 1, 0], [4, 1, 0], [5, 1, 0], [6, 1, 0]],58
[[2, 1, 6], [3, 1, 5], [5, 1, 7], [6, 1, 7]],37
[[1, 1, 9], [3, 1, 8]],27
[[0, 0, 0]],33
[[2, 1, 2], [3, 1, 1], [5, 1, 1], [6, 1, 1]],33
[[0, 1, 10], [1, 1, 10], [4, 1, 10]],31
[[0, 1, 10], [1, 1, 10], [4, 1, 10]],31