[[0, 50], [18, 25], [27, 5], [50, 1], [59, 0]],58
[[0, 50], [28, 25], [36, 5], [42, 0]],36
[[0, 50], [12, 30], [13, 25], [14, 20], [15, 15], [21, 10], [22, 5], [26, 1], [28, 0]],12
[[0, 50], [8, 25], [16, 10], [27, 5], [32, 1], [34, 0]],13
[[0, 50], [21, 25], [22, 17], [23, 10], [26, 5], [28, 2], [33, 0]],21
[[0, 50], [12, 25], [16, 10], [20, 5], [28, 1], [32, 0]],10
[[0, 50], [12, 25], [16, 10], [20, 5], [28, 1], [32, 0]],10
[[2, 1, 0], [4, 1, 0], [5, 1, 0], [6, 1, 0]],58
[[2, 1, 4], [3, 1, 3], [5, 1, 2], [6, 1, 2]],41
[[1, 1, 12], [3, 1, 11]],27
[[0, 0, 0]],33
[[2, 1, 9], [3, 1, 8], [5, 1, 7], [6, 1, 7]],32
[[0, 1, 8], [1, 1, 8]],31
[[0, 1, 8], [1, 1, 8]],31