[[0, 50], [18, 25], [27, 5], [50, 1], [59, 0]],56
[[0, 50], [26, 20], [28, 15], [30, 10], [32, 5], [38, 0]],26
[[0, 50], [12, 30], [13, 25], [14, 20], [15, 15], [20, 10], [21, 5], [26, 1], [28, 0]],12
[[0, 50], [8, 25], [16, 10], [27, 5], [32, 1], [34, 0]],15
[[0, 50], [23, 25], [24, 17], [25, 10], [28, 5], [30, 2], [33, 0]],23
[[0, 50], [12, 25], [16, 10], [20, 5], [28, 1], [32, 0]],8
[[0, 50], [12, 25], [16, 10], [20, 5], [28, 1], [32, 0]],8
[[2, 1, 2], [4, 1, 2], [5, 1, 1], [6, 1, 1]],58
[[2, 1, 9], [3, 1, 8], [5, 1, 7], [6, 1, 7]],37
[[1, 1, 12], [3, 1, 11]],27
[[0, 0, 0]],33
[[2, 1, 7], [3, 1, 7], [5, 1, 6], [6, 1, 6]],32
[[0, 1, 8], [1, 1, 8], [4, 1, 6]],31
[[0, 1, 8], [1, 1, 8], [4, 1, 6]],31