[[0, 50], [18, 25], [27, 5], [50, 1], [59, 0]], 46
[[0, 50], [15, 20], [16, 15], [17, 10], [18, 5], [22, 0]], 12
[[0, 50], [14, 30], [15, 25], [16, 20], [17, 15], [18, 5], [32, .5], [34, 0]], 14 
[[0, 50], [12, 25], [16, 10], [22, 5], [27, 2], [30, 1], [32, 0]], 16
[[0, 50], [20, 10], [21, 5], [22, 1.5], [26, 0]], 20
[[0, 50], [12, 25], [16, 10], [20, 5], [28, 1], [38, 0]], 8
[[0, 50], [12, 25], [16, 10], [20, 5], [28, 1], [38, 0]], 8
[[2, 1, 7], [4, 1, 7], [5, 1, 8], [6, 1, 8], 58
[[2, 1, 5], [3, 1, 6], [5, 1, 5], [6, 1, 5], 21
[[1, 1, 12], [3, 1, 12], 33
[[0, 0, 0], 31
[[2, 1, 4], [3, 1, 4], [5, 1, 5], [6, 1, 5], 25
[[0, 1, 12], [1, 1, 12], [4, 1, 10]], 37
[[0, 1, 12], [1, 1, 12], [4, 1, 10]], 37